23/12/2024|DNB-7599|140.0|1886|53|0|5|11.47
06/01/2025|DNB-7599|61.2|1902|95|0|6|8.8
02/01/2025|ASN-8E19|61.2|1902|95|0|5|9.75
07/01/2025|MKQ-0H33|65.6|1599|94|0|5|8.82
27/12/2024|ISH-0E22|75.4|1987|78|0|2|9.27
06/01/2025|MKQ-0H33|65.6|1599|94|0|4|10.83
06/01/2025|ASN-8E19|280.0|1886|53|1|1|14.7
13/01/2025|DNB-7599|61.2|1902|95|0|6|8.8
08/01/2025|ISH-0E22|65.6|1599|94|0|4|13.15
31/12/2024|ISH-0E22|61.2|1902|95|0|5|5.68
10/01/2025|ISH-0E22|65.6|1599|94|0|4|9.25
15/01/2025|ASN-8E19|32.8|1599|94|0|4|13.85
15/01/2025|ISH-0E22|32.8|1599|94|0|0|0.0
15/01/2025|DNB-7599|3.8|2017|103|0|2|8.8
15/01/2025|ISH-0E22|3.8|2017|103|0|0|0.0
13/01/2025|ISJ-5272|30.2|null|36|0|6|8.95
13/01/2025|IVO-4B95|30.2|null|36|0|0|0.0
30/12/2024|ISJ-5272|30.2|null|36|0|6|8.8
30/12/2024|IVO-4B95|30.2|null|36|0|0|0.0
25/12/2024|ISH-0E22|75.4|1987|78|0|2|9.3
13/01/2025|MKQ-0H33|65.6|1599|94|0|5|10.48
13/01/2025|ISH-0E22|65.6|1599|94|0|0|0.0
12/01/2025|DNB-7599|61.2|1902|95|0|4|9.8
26/12/2024|MKQ-0H33|61.2|1998|95|0|2|10.17
09/01/2025|MKQ-0H33|65.6|1599|94|0|5|9.68
31/12/2024|DNB-7599|30.2|null|36|0|6|8.8
31/12/2024|IVO-4B95|30.2|null|36|0|0|0.0
03/01/2025|DNB-7599|61.2|1902|95|0|5|9.8
23/12/2024|MKQ-0H33|61.2|1902|95|0|5|10.6
25/12/2024|ISJ-5272|30.2|null|36|0|5|8.8
31/12/2024|MKQ-0H33|280.0|1886|53|0|4|12.13
02/01/2025|ISJ-5272|30.2|null|36|0|6|8.8
02/01/2025|IVO-4B95|30.2|null|36|0|0|0.0
26/12/2024|DNB-7599|140.0|1886|53|0|5|9.67
24/12/2024|ISH-0E22|75.4|1987|78|0|3|7.35
30/12/2024|DNB-7599|75.4|1987|78|0|4|9.17
10/01/2025|ISJ-5272|30.2|null|36|0|8|6.88
10/01/2025|IVO-4B95|30.2|null|36|0|0|0.0
10/01/2025|ASN-8E19|61.2|1902|95|0|6|9.62
14/01/2025|ASN-8E19|280.0|1886|53|1|1|9.67
26/12/2024|IVO-4B95|30.2|null|36|0|6|6.6
26/12/2024|ISJ-5272|30.2|null|36|0|0|0.0
09/01/2025|ASN-8E19|61.2|1902|95|0|6|9.9
03/01/2025|QQX-7I40|280.0|1886|53|2|0|11.27
27/12/2024|null|61.2|1902|95|0|2|8.8
05/01/2025|DNB-7599|61.2|1902|95|0|5|8.98
19/12/2024|ISH-0E22|61.2|1902|95|0|2|9.72
02/01/2025|ISH-0E22|75.4|1987|78|0|2|8.93
07/01/2025|ISJ-5272|30.2|null|36|0|8|8.93
07/01/2025|IVO-4B95|30.2|null|36|0|0|0.0
03/01/2025|ASN-8E19|75.4|1987|78|0|2|9.3
08/01/2025|ASN-8E19|61.2|1902|95|0|7|9.85
27/12/2024|MKQ-0H33|61.2|1998|95|0|2|12.4
15/01/2025|ISJ-5272|30.2|null|36|0|6|8.9
15/01/2025|IVO-4B95|30.2|null|36|0|0|0.0
14/01/2025|ISJ-5272|30.2|null|36|0|6|8.92
14/01/2025|IVO-4B95|30.2|null|36|0|0|0.0
14/01/2025|DNB-7599|61.2|1902|95|0|7|9.85
14/01/2025|ISH-0E22|61.2|1902|95|0|0|0.0
14/01/2025|MKQ-0H33|65.6|1599|94|0|5|9.63
14/01/2025|ISH-0E22|65.6|1599|94|0|0|0.0
15/01/2025|MKQ-0H33|30.6|1902|95|0|5|9.72
09/01/2025|ISJ-5272|30.2|null|36|0|6|8.8
26/12/2024|QQX-7I40|75.4|1987|78|0|2|8.83
03/01/2025|ISH-0E22|65.6|1599|94|0|2|8.95
26/12/2024|null|61.2|1902|95|0|2|8.8
20/12/2024|MKQ-0H33|75.4|1987|78|0|3|10.07
31/12/2024|ASN-8E19|75.4|1987|78|0|4|5.63
02/01/2025|MKQ-0H33|140.0|1886|53|0|4|11.73
02/01/2025|IVO-4B95|140.0|1886|53|0|0|0.0
06/01/2025|QQX-7I40|61.2|1902|95|1|1|7.65
27/12/2024|ASN-8E19|194.8|1889|46|0|2|10.23
02/01/2025|DNB-7599|65.6|1599|94|0|2|8.98
30/12/2024|ISH-0E22|61.2|1902|95|0|5|9.77
08/01/2025|ISJ-5272|30.2|null|36|0|6|8.8
23/12/2024|ISH-0E22|75.4|1987|78|0|2|9.22
22/12/2024|DNB-7599|65.6|2019|94|0|4|11.3
19/12/2024|DNB-7599|37.7|1987|78|0|2|9.3
04/01/2025|DNB-7599|61.2|1902|95|0|5|9.8
27/12/2024|IVO-4B95|30.2|null|36|0|6|8.85
27/12/2024|ISJ-5272|30.2|null|36|0|0|0.0
30/12/2024|MKQ-0H33|280.0|1886|53|0|4|10.93
24/12/2024|MKQ-0H33|61.2|1902|95|0|5|9.98
11/01/2025|DNB-7599|61.2|1902|95|0|4|8.8
06/01/2025|ISJ-5272|30.2|null|36|0|8|9.92
06/01/2025|IVO-4B95|30.2|null|36|0|0|0.0
20/12/2024|ASN-8E19|65.6|1599|94|0|3|9.0
19/12/2024|ASN-8E19|15.1|null|36|0|5|8.8
07/01/2025|DNB-7599|61.2|1902|95|0|6|9.25
23/12/2024|QQX-7I40|61.2|null|95|0|2|8.8
03/01/2025|ISJ-5272|30.2|null|36|0|6|11.57
03/01/2025|IVO-4B95|30.2|null|36|0|0|0.0
20/12/2024|ISH-0E22|61.2|1902|95|0|2|10.72
24/12/2024|ISJ-5272|30.2|null|36|0|6|7.3
24/12/2024|IVO-4B95|30.2|null|36|0|0|0.0
19/12/2024|ASN-8E19|65.6|1599|94|0|4|9.18
